Parameter containing:
(0 ,0 ,.,.) =
  0.0091  0.0020 -0.0927
  0.1426  0.0429 -0.1515
 -0.0270 -0.1041 -0.0930

(0 ,1 ,.,.) =
  0.1812  0.1418  0.1582
  0.0273 -0.0489  0.0552
  0.0312 -0.0050  0.1001

(0 ,2 ,.,.) =
  0.0831 -0.0855  0.0380
  0.1074 -0.1373  0.1314
 -0.1094 -0.1000  0.0916
     ⋮

(1 ,0 ,.,.) =
 -0.0556  0.0217  0.0473
 -0.1830  0.0210 -0.0539
  0.0734 -0.0535  0.1742

(1 ,1 ,.,.) =
  0.1379 -0.0032  0.1467
  0.1538 -0.0556 -0.0787
 -0.1847  0.1339 -0.0377

(1 ,2 ,.,.) =
  0.0830 -0.0587  0.1830
  0.1773 -0.0937 -0.1580
  0.0423 -0.1567  0.0298
     ⋮

(2 ,0 ,.,.) =
 -0.0863  0.0160  0.1735
 -0.0489  0.0785  0.1574
  0.1211  0.0962  0.0152

(2 ,1 ,.,.) =
 -0.0566  0.0519 -0.1256
  0.0657 -0.1835  0.0941
 -0.0212 -0.0259 -0.0704

(2 ,2 ,.,.) =
  0.1757  0.1050  0.1763
  0.1467 -0.0339 -0.0935
  0.1758 -0.0518  0.1131
...
     ⋮

(61,0 ,.,.) =
  0.1215 -0.0202 -0.1347
  0.0188  0.1463 -0.0130
 -0.1535 -0.0024 -0.1208

(61,1 ,.,.) =
  0.1076  0.1000  0.1519
 -0.0229  0.0797  0.0351
  0.0300  0.0011 -0.0885

(61,2 ,.,.) =
  0.0911 -0.0214 -0.0453
 -0.1690  0.1853 -0.1871
 -0.1520  0.1466  0.0597
     ⋮

(62,0 ,.,.) =
 -0.0385  0.1678  0.0188
 -0.1677  0.0965  0.1836
 -0.0024  0.1920  0.1009

(62,1 ,.,.) =
 -0.0544 -0.0575  0.0156
  0.1870 -0.0128  0.0821
  0.0367  0.1067 -0.1284

(62,2 ,.,.) =
  0.1562 -0.0320  0.0164
  0.0780 -0.0365 -0.1839
 -0.0059  0.1015  0.1593
     ⋮

(63,0 ,.,.) =
 -0.1851  0.0014 -0.0427
  0.0696 -0.1056  0.0934
 -0.1378 -0.0608 -0.1593

(63,1 ,.,.) =
  0.1172  0.0992  0.1250
 -0.0657 -0.1851  0.1824
  0.0556 -0.1586  0.0059

(63,2 ,.,.) =
  0.1171  0.1789  0.0350
 -0.0850  0.1825  0.0445
  0.1290  0.0236  0.0283
[torch.FloatTensor of size 64x3x3x3]
